[507782.19;
 98729.25;
 56179.668;
 29207.621;
 25355.506;
 21918.686;
 18705.824;
 13614.152;
 11182.793;
 10105.03;
 9320.207;
 7823.2378;
 7171.311;
 6435.2173;
 5500.3867;
 5311.2959;
 4945.0552;
 4829.7764;
 4519.561;
 4498.9902;
 4185.1904;
 3759.4006;
 3545.9922;
 3219.1062;
 2903.439;
 2755.6965;
 2505.6616;
 2381.2019;
 2243.1001;
 2186.1562;
 2022.2808;
 1953.9722;
 1927.5601;
 1815.6865;
 1766.2334;
 1626.2917;
 1609.2604;
 1494.0228;
 1462.1957;
 1417.218;
 1343.4427;
 1322.1284;
 1256.3717;
 1230.4377;
 1171.3147;
 1126.6837;
 1098.2438;
 1082.46;
 1035.6986;
 959.26019;
 941.22925;
 896.44232;
 864.37512;
 845.03149;
 833.46533;
 769.9671;
 755.7215;
 736.69958;
 719.07007;
 682.13055;
 665.52899;
 649.92444;
 625.16809;
 616.65198;
 603.69336;
 594.81488;
 576.43341;
 560.07391;
 544.66199;
 536.4281;
 519.14972;
 499.91052;
 490.5903;
 465.03781;
 460.76392;
 445.4039;
 436.72794;
 423.45242;
 419.67133;
 406.5155;
 403.39383;
 396.11325;
 379.66293;
 367.918;
 357.84412;
 348.77063;
 340.38409;
 334.8468;
 318.68484;
 306.52563;
 301.22751;
 297.89081;
 287.52969;
 282.39706;
 276.61993;
 271.71869;
 257.44763;
 250.86508;
 246.97507;
 242.94331;
 236.69952;
 232.88496;
 228.69658;
 225.79385;
 222.89783;
 216.73756;
 211.74034;
 208.67953;
 201.32654;
 198.1859;
 196.57164;
 192.4584;
 188.09201;
 186.61554;
 179.91734;
 178.59752;
 174.67992;
 172.50842;
 169.60799;
 166.14156;
 161.08356;
 158.65875;
 157.11006;
 153.29019;
 150.61671;
 146.29393;
 145.55019;
 143.5495;
 138.99849;
 134.99774;
 134.76904;
 133.85495;
 131.00287;
 127.52471;
 126.71216;
 123.44214;
 122.90566;
 118.77013;
 115.85792;
 114.53273;
 112.49664;
 109.48274;
 108.00172;
 105.37746;
 104.99426;
 102.58739;
 101.86957;
 97.68428;
 95.263535;
 94.644234;
 93.394402;
 91.560898;
 90.621002;
 88.997314;
 86.406105;
 85.191269;
 84.735268;
 82.525856;
 81.765579;
 80.672997;
 79.515022;
 78.897598;
 77.986;
 77.415878;
 75.184006;
 74.506943;
 73.308273;
 71.783028;
 71.299583;
 69.287277;
 68.246437;
 66.730965;
 65.874313;
 64.625496;
 63.23093;
 62.224693;
 61.10247;
 60.907604;
 60.435638;
 59.182144;
 58.391258;
 57.804848;
 56.435734;
 55.61573;
 54.350819;
 54.08139;
 53.170372;
 52.160397;
 51.248531;
 50.592785;
 50.15123;
 49.639915;
 49.299889;
 46.81723;
 46.411934;
 46.176613;
 45.927555;
 45.167744;
 44.803383;
 44.100414;
 42.898781;
 42.597187;
 41.688309;
 41.191387;
 40.761482;
 39.921135;
 39.414268;
 38.765579;
 38.168873;
 37.345234;
 36.804447;
 36.579529;
 35.837795;
 35.308117;
 34.766163;
 33.96022;
 33.786621;
 33.218899;
 32.31897;
 31.740032;
 31.528841;
 30.999098;
 30.891134;
 30.519991;
 29.999855;
 29.554722;
 29.117319;
 28.810204;
 28.200073;
 27.754232;
 27.733568;
 27.622309;
 26.923008;
 26.270596;
 25.810932;
 25.566269;
 25.183706;
 24.871916;
 24.298639;
 24.267279;
 23.712063;
 23.572063;
 23.09178;
 22.621134;
 22.349777;
 21.961878;
 21.526136;
 21.16683;
 20.912378;
 20.557161;
 20.409855;
 20.212008;
 19.948898;
 19.63311;
 19.266802;
 19.090958;
 18.911963;
 18.615631;
 18.152199;
 17.742037;
 17.61375;
 17.446766;
 17.300905;
 17.160326;
 16.774336;
 16.55438;
 16.239735;
 15.834569;
 15.594314;
 15.336191;
 15.221969;
 14.984886;
 14.641332;
 14.551878;
 14.357536;
 14.196356;
 13.905205;
 13.713496;
 13.500036;
 13.093662;
 12.96242;
 12.872282;
 12.726103;
 12.531978;
 12.290519;
 12.159343;
 11.868453;
 11.476979;
 11.275022;
 11.197647;
 11.050751;
 10.959278;
 10.841468;
 10.704018;
 10.638054;
 10.49822;
 10.303047;
 9.9960709;
 9.934145;
 9.8076963;
 9.6205492;
 9.441946;
 9.250514;
 9.1812754;
 9.0375786;
 8.8869133;
 8.6962175;
 8.4559841;
 8.3985729;
 8.3402653;
 8.1239367;
 8.0486317;
 7.9581656;
 7.7315879;
 7.4611497;
 7.2478395;
 7.1620321;
 7.0488706;
 6.9667373;
 6.8002143;
 6.654223;
 6.5064673;
 6.463191;
 6.3356795;
 6.2212119;
 6.0615764;
 5.9449062;
 5.8896475;
 5.665453;
 5.5697265;
 5.4636397;
 5.2711959;
 5.1515651;
 5.1220803;
 4.8470359;
 4.790658;
 4.6628199;
 4.6211438;
 4.3614745;
 4.2805667;
 4.2203135;
 4.0520697;
 4.0182543;
 3.9436429;
 3.7847772;
 3.5439897;
 3.4921265;
 3.3178263;
 3.2563345;
 3.2154398;
 3.1529589;
 3.0193057;
 3.001338;
 2.8443441;
 2.7191968;
 2.5460358;
 2.4969642;
 2.3363113;
 2.2633445;
 2.0788984;
 1.6517203]